,episode,episode_reward,critic_loss,actor_loss,alpha_loss,alpha_value,duration,step,env_step
0,1.0,58.27064923390091,0.0,0.0,0.0,0.0,1.1224985122680664,250.0,1000.0
1,2.0,41.84430768352608,0.0,0.0,0.0,0.0,1.0336244106292725,500.0,2000.0
2,3.0,41.593103394505974,0.0,0.0,0.0,0.0,1.0438899993896484,750.0,3000.0
3,4.0,48.63879785274668,0.0,0.0,0.0,0.0,1.0253474712371826,1000.0,4000.0
4,5.0,62.2178149482208,0.19564591348171234,-4.131034851074219,0.9286713004112244,0.0946694385027335,862.8794600963593,1250.0,5000.0
5,6.0,142.39679034349766,0.5278615951538086,-7.065999507904053,0.7757222652435303,0.08920331052278371,42.60955286026001,1500.0,6000.0
6,7.0,140.05596190099288,0.782737672328949,-7.643896579742432,0.7443856596946716,0.08827945548980837,42.61993336677551,1750.0,7000.0
7,8.0,106.7499582599598,1.019819974899292,-8.19267463684082,0.7087731957435608,0.08736154977273894,42.6745023727417,2000.0,8000.0
8,9.0,152.40033609579152,1.4604544639587402,-8.750975608825684,0.6723191142082214,0.08647399772167437,42.70569038391113,2250.0,9000.0
9,10.0,50.49820713251035,2.0723624229431152,-9.454024314880371,0.6291821002960205,0.08564203137922438,41.87508273124695,2500.0,10000.0
10,11.0,85.18063739372003,2.3606646060943604,-9.941840171813965,0.6379966139793396,0.08479058514945197,40.74267077445984,2750.0,11000.0
11,12.0,100.416305503351,2.8080389499664307,-10.524659156799316,0.6066066026687622,0.08394923283928014,42.90388369560242,3000.0,12000.0
12,13.0,59.74774039528865,3.246521472930908,-11.086973190307617,0.6170452237129211,0.08311399031413685,42.55906343460083,3250.0,13000.0
13,14.0,46.31436678514044,3.1536362171173096,-11.599766731262207,0.6194164752960205,0.08225061404010499,43.10463905334473,3500.0,14000.0
14,15.0,31.291674864705943,3.048886775970459,-11.994667053222656,0.6293587684631348,0.0813773760708196,46.66025638580322,3750.0,15000.0
15,16.0,36.891857766143545,3.351142644882202,-12.477082252502441,0.6050547957420349,0.08050685328941345,47.11037611961365,4000.0,16000.0
16,17.0,161.8363259829212,4.162448406219482,-12.998255729675293,0.6033394932746887,0.07964140803489672,42.58244824409485,4250.0,17000.0
17,18.0,66.64143065024807,4.431962966918945,-13.64926815032959,0.5735077857971191,0.07880490943840823,41.79690337181091,4500.0,18000.0
18,19.0,70.45423858933914,4.653710842132568,-14.291092872619629,0.577799916267395,0.07796875626737898,41.33154082298279,4750.0,19000.0
19,20.0,52.35784040400707,4.828017234802246,-14.871654510498047,0.5729234218597412,0.07713069839346703,41.462321758270264,5000.0,20000.0
20,21.0,119.74078803530048,4.260985374450684,-15.282256126403809,0.5719583630561829,0.07629511506750289,40.6725709438324,5250.0,21000.0
21,22.0,157.95599540349994,4.253841876983643,-15.797674179077148,0.5577414631843567,0.07546413337007088,42.48467016220093,5500.0,22000.0
22,23.0,196.5932998451542,4.505645275115967,-16.35561752319336,0.5392118692398071,0.07465596743653204,42.53493928909302,5750.0,23000.0
23,24.0,201.56205302170864,4.554795265197754,-17.18782615661621,0.5452804565429688,0.0738523258457147,42.82121658325195,6000.0,24000.0
24,25.0,135.34060346073912,4.5682692527771,-17.811771392822266,0.5227281451225281,0.0730527869087007,43.01362419128418,6250.0,25000.0
25,26.0,167.51996189334199,4.294344425201416,-18.33049201965332,0.497122585773468,0.07228459277466008,44.01590371131897,6500.0,26000.0
26,27.0,272.93958341892665,5.119872093200684,-19.11073112487793,0.4610781669616699,0.07155257857087688,42.87094807624817,6750.0,27000.0
27,28.0,199.50399918979758,5.261237144470215,-19.908781051635742,0.45257461071014404,0.07084891642854482,41.593477964401245,7000.0,28000.0
28,29.0,167.3537602579848,5.58918571472168,-20.462305068969727,0.41714078187942505,0.07018076216171364,41.63543391227722,7250.0,29000.0
29,30.0,93.42198222209451,5.942890167236328,-21.276634216308594,0.40628013014793396,0.06953366293652127,42.31086707115173,7500.0,30000.0
30,31.0,152.07377324162312,5.756651401519775,-21.67556381225586,0.41318637132644653,0.06887672011014238,41.048463582992554,7750.0,31000.0
31,32.0,186.90769398235966,6.285144329071045,-22.599422454833984,0.3899785280227661,0.06820262587927522,43.127848386764526,8000.0,32000.0
32,33.0,156.63102331217848,7.206977367401123,-23.460371017456055,0.3659043312072754,0.06757787245605842,43.28346872329712,8250.0,33000.0
33,34.0,217.3843649943169,7.154375076293945,-24.371356964111328,0.33768385648727417,0.06697886281274934,42.537527084350586,8500.0,34000.0
34,35.0,193.07490581947556,7.450912952423096,-25.12541961669922,0.33417484164237976,0.06638969579122758,41.98403716087341,8750.0,35000.0
35,36.0,199.3000543402566,7.244060516357422,-25.98267936706543,0.3179946839809418,0.06581220810255854,41.889200925827026,9000.0,36000.0
36,37.0,220.6852873194916,8.14635181427002,-27.004554748535156,0.28645288944244385,0.06525772051272229,42.102227210998535,9250.0,37000.0
37,38.0,181.50322169535227,8.685810089111328,-28.053218841552734,0.25674256682395935,0.06475293517816257,42.20102381706238,9500.0,38000.0
38,39.0,215.93583094224144,8.787989616394043,-28.73206901550293,0.25413984060287476,0.06425011180926467,42.07016634941101,9750.0,39000.0
39,40.0,151.0448041711443,9.380888938903809,-29.69904899597168,0.24797232449054718,0.06375817491284236,42.190303802490234,10000.0,40000.0
40,41.0,270.6558526343004,9.257328033447266,-30.769001007080078,0.2270546704530716,0.06326564463104487,41.167672872543335,10250.0,41000.0
41,42.0,240.8154409481975,8.293257713317871,-31.830568313598633,0.23276498913764954,0.06278106578988153,43.00956201553345,10500.0,42000.0
42,43.0,264.0098570953611,7.8633341789245605,-32.88420104980469,0.2153635174036026,0.06228681394592528,42.23539972305298,10750.0,43000.0
43,44.0,227.10944665896417,7.905828952789307,-33.86115646362305,0.20810334384441376,0.0618124493389579,42.04122471809387,11000.0,44000.0
44,45.0,283.8862419082381,7.7591633796691895,-34.73766326904297,0.2135380357503891,0.06132136720764216,42.33073306083679,11250.0,45000.0
45,46.0,217.49003533476207,8.17634391784668,-35.92692565917969,0.20749202370643616,0.060833086956025594,42.193931102752686,11500.0,46000.0
46,47.0,306.7984988306847,8.004921913146973,-36.68635559082031,0.2106579840183258,0.060305736996487114,41.733258962631226,11750.0,47000.0
47,48.0,283.18794283767085,7.283388137817383,-37.67610549926758,0.20662306249141693,0.05978790774692432,42.36351823806763,12000.0,48000.0
48,49.0,295.61861657581767,7.364316463470459,-38.78937911987305,0.20196591317653656,0.05926165108696401,42.43375587463379,12250.0,49000.0
49,50.0,328.2188249966511,7.291527271270752,-39.65144348144531,0.17879170179367065,0.05875335567973292,42.24413204193115,12500.0,50000.0
50,51.0,291.01342450313064,7.475578308105469,-40.62729263305664,0.1581532508134842,0.058303270780256274,39.92290186882019,12750.0,51000.0
51,52.0,306.3275013489839,7.663804531097412,-41.64680480957031,0.15949507057666779,0.05786896371825551,41.71508073806763,13000.0,52000.0
52,53.0,333.8279759259074,7.760427951812744,-42.68788528442383,0.13935504853725433,0.05743364771671705,41.918681144714355,13250.0,53000.0
53,54.0,383.15174344504914,7.814037799835205,-43.673614501953125,0.1424894481897354,0.05701856612556833,41.882195711135864,13500.0,54000.0
54,55.0,228.5040268111166,7.426706314086914,-44.73904037475586,0.13990451395511627,0.05658521985318379,41.966418743133545,13750.0,55000.0
55,56.0,307.5386277714196,7.540167808532715,-45.82887649536133,0.13412080705165863,0.056148743609120644,41.85221290588379,14000.0,56000.0
56,57.0,348.7879844822066,7.104137897491455,-46.708656311035156,0.14596344530582428,0.055702132870335506,38.70375466346741,14250.0,57000.0
57,58.0,340.08029279414126,6.290786266326904,-47.71588134765625,0.15734949707984924,0.05518341392001313,34.666576862335205,14500.0,58000.0
58,59.0,353.89631571040303,6.944423675537109,-48.57876968383789,0.14795170724391937,0.0546799786976414,34.66797733306885,14750.0,59000.0
59,60.0,316.66642680013575,6.849122047424316,-49.4000244140625,0.1444644331932068,0.054166113112659856,34.63840174674988,15000.0,60000.0
60,61.0,298.8259016856236,6.7579731941223145,-50.42713165283203,0.13896140456199646,0.05366831989474385,34.49629878997803,15250.0,61000.0
61,62.0,410.2068871056283,6.866380214691162,-51.36758041381836,0.1334816813468933,0.05318964812425949,34.59003686904907,15500.0,62000.0
62,63.0,302.53790427364675,6.956282138824463,-52.1946907043457,0.1368836760520935,0.052697959877596866,34.77116942405701,15750.0,63000.0
63,64.0,329.5054997815773,7.16742467880249,-53.21943664550781,0.12294045090675354,0.052220486129341805,34.704508781433105,16000.0,64000.0
64,65.0,512.4123400751932,7.051084995269775,-54.16560363769531,0.11456581205129623,0.0517616653840634,34.807029247283936,16250.0,65000.0
65,66.0,432.69923307796864,6.912317276000977,-55.127601623535156,0.11610475927591324,0.05130777563017363,34.6856210231781,16500.0,66000.0
66,67.0,396.80716705708306,7.432072162628174,-56.00995635986328,0.09049837291240692,0.05090112826463693,34.722840309143066,16750.0,67000.0
67,68.0,362.02483890778853,7.416706085205078,-57.04216384887695,0.09293623268604279,0.050531172718951335,34.69935917854309,17000.0,68000.0
68,69.0,432.9056236085886,7.4343085289001465,-57.843772888183594,0.09073217213153839,0.05013673687304486,34.795926094055176,17250.0,69000.0
69,70.0,392.1591760625797,7.690453052520752,-58.86992645263672,0.08278613537549973,0.049769610607894955,34.69903039932251,17500.0,70000.0
70,71.0,317.56957636784176,7.690240383148193,-59.918663024902344,0.07730209827423096,0.04940327994019161,34.74204683303833,17750.0,71000.0
71,72.0,478.1057768709978,7.545331001281738,-60.87710189819336,0.08101879805326462,0.04904828464903993,34.75859069824219,18000.0,72000.0
72,73.0,360.5637241215843,8.034984588623047,-62.044837951660156,0.0596650056540966,0.048704390818720765,34.816344261169434,18250.0,73000.0
73,74.0,373.25655947290784,8.219620704650879,-63.00281524658203,0.05231330171227455,0.048429947963378094,34.84040713310242,18500.0,74000.0
74,75.0,387.57696598618975,8.521073341369629,-64.05545043945312,0.05392761155962944,0.04815152259671279,34.83843970298767,18750.0,75000.0
75,76.0,440.90271823797684,8.4579496383667,-65.20965576171875,0.04643059894442558,0.04788755157727219,34.88056945800781,19000.0,76000.0
76,77.0,497.4720630513121,8.953900337219238,-66.23505401611328,0.04049784317612648,0.047635083967196346,34.81761074066162,19250.0,77000.0
77,78.0,392.014986902092,8.418588638305664,-67.22498321533203,0.032491590827703476,0.04741263405403455,34.854578733444214,19500.0,78000.0
78,79.0,402.7027811531803,8.628238677978516,-68.25755310058594,0.03155070170760155,0.04721861760911751,34.85171294212341,19750.0,79000.0
79,80.0,379.2791655925706,8.488385200500488,-69.3046646118164,0.034358203411102295,0.04701194802596568,34.88849472999573,20000.0,80000.0
80,81.0,515.6608334176293,8.4528169631958,-70.2641372680664,0.03425464406609535,0.04676904010583341,34.690853118896484,20250.0,81000.0
81,82.0,532.4442787932576,8.04829216003418,-71.27748107910156,0.037554506212472916,0.046536061489971206,34.7489960193634,20500.0,82000.0
82,83.0,455.90637077053907,8.0545015335083,-72.3321304321289,0.036484215408563614,0.04625002924783644,34.85944390296936,20750.0,83000.0
83,84.0,497.4264447421161,8.276543617248535,-73.42229461669922,0.026026729494333267,0.046017991180912335,34.87359023094177,21000.0,84000.0
84,85.0,433.38784200897464,8.531654357910156,-74.29396057128906,0.023578908294439316,0.04580028052798134,34.82474732398987,21250.0,85000.0
85,86.0,552.0801213384946,8.554415702819824,-75.2630615234375,0.021421251818537712,0.0456224664109915,34.91660499572754,21500.0,86000.0
86,87.0,402.32201917005887,8.855742454528809,-76.26140594482422,0.01586621254682541,0.04545886385427211,34.90523147583008,21750.0,87000.0
87,88.0,522.5653470679723,9.274591445922852,-77.18777465820312,0.023146063089370728,0.04528369448007176,34.91400861740112,22000.0,88000.0
88,89.0,356.62813593821664,9.511865615844727,-78.11573028564453,0.022951724007725716,0.045062073661120625,34.915677547454834,22250.0,89000.0
89,90.0,384.1361383297701,10.088651657104492,-79.06591033935547,0.0040456620045006275,0.04491314269579832,35.01478052139282,22500.0,90000.0
90,91.0,536.5701093431812,10.093317985534668,-80.05583953857422,-0.004055418074131012,0.04490607458938206,34.82003831863403,22750.0,91000.0
91,92.0,466.344083880337,10.162300109863281,-81.10527801513672,0.005271835718303919,0.044908506657173025,34.95038366317749,23000.0,92000.0
92,93.0,538.6997134694174,10.671785354614258,-82.02178955078125,0.0018899824935942888,0.044875144437791184,35.01873064041138,23250.0,93000.0
93,94.0,490.3772973879508,10.130733489990234,-83.08932495117188,-0.006454708520323038,0.044868912855545263,34.95059251785278,23500.0,94000.0
94,95.0,463.9863069983528,10.95370101928711,-84.16767883300781,-0.012677467428147793,0.04500678725814894,35.012446641922,23750.0,95000.0
95,96.0,368.7079170117979,10.758549690246582,-85.2027816772461,-0.00511809391900897,0.045152494533914136,35.102771282196045,24000.0,96000.0
96,97.0,456.4502977171167,10.969026565551758,-86.30970001220703,-0.007893976755440235,0.04524632457139703,35.71342325210571,24250.0,97000.0
97,98.0,585.7989553541399,11.05714225769043,-87.2853775024414,-0.01138980221003294,0.0453773644199014,36.43981051445007,24500.0,98000.0
98,99.0,429.80810700415464,11.416967391967773,-88.30773162841797,-0.009267639368772507,0.045522224978384894,35.03074288368225,24750.0,99000.0
99,100.0,506.37807588065414,11.421142578125,-89.36583709716797,-0.01189013384282589,0.045739471372818995,34.94767689704895,25000.0,100000.0
100,101.0,642.4317482048118,11.755560874938965,-90.33244323730469,-0.0050495038740336895,0.04589604573361247,43.634796142578125,25250.0,101000.0
101,102.0,437.21107777867536,11.961573600769043,-91.34864044189453,-0.005579022224992514,0.04594285289417508,35.984931230545044,25500.0,102000.0
102,103.0,465.0650118552455,11.733743667602539,-92.286376953125,0.0013618771918118,0.04598054880996066,36.03393197059631,25750.0,103000.0
103,104.0,512.777388061325,11.837047576904297,-93.38938903808594,-0.006488285958766937,0.04600439641232236,36.16959810256958,26000.0,104000.0
104,105.0,576.0281819915101,12.078064918518066,-94.41179656982422,-0.014057012274861336,0.04624874755495239,36.11219906806946,26250.0,105000.0
105,106.0,536.9387924984204,12.188623428344727,-95.40617370605469,-0.014921433292329311,0.046485678966918784,35.99248552322388,26500.0,106000.0
106,107.0,459.57681216862926,12.43714427947998,-96.36749267578125,-0.008838759735226631,0.04674064968513166,36.406981229782104,26750.0,107000.0
107,108.0,380.97497327537474,12.33719539642334,-97.31243133544922,-0.009007810615003109,0.046882693596439144,36.453733921051025,27000.0,108000.0
108,109.0,585.4080490770549,12.628788948059082,-98.28486633300781,0.0006856883992440999,0.04701469718213285,36.66012907028198,27250.0,109000.0
109,110.0,629.869796279656,13.575926780700684,-99.32231903076172,-0.02384437993168831,0.047229373936572824,36.968291997909546,27500.0,110000.0
110,111.0,571.7822510266068,13.385415077209473,-100.27875518798828,-0.00933744665235281,0.047613845418102714,34.85821461677551,27750.0,111000.0
111,112.0,502.0901997781673,12.858898162841797,-101.40165710449219,-0.018201064318418503,0.04786371148786469,35.00525093078613,28000.0,112000.0
112,113.0,517.3537657760448,13.415750503540039,-102.22654724121094,-0.02303917147219181,0.048335070934472105,36.63856768608093,28250.0,113000.0
113,114.0,454.74997156227755,13.507076263427734,-103.2848892211914,-0.02213837206363678,0.04880289020375955,34.44088578224182,28500.0,114000.0
114,115.0,446.03503761568135,13.622420310974121,-104.32852935791016,-0.015058767981827259,0.049204992593714955,34.395318031311035,28750.0,115000.0
115,116.0,573.1576978044765,13.64928150177002,-105.214111328125,-0.009395025670528412,0.04943010977605535,34.45730805397034,29000.0,116000.0
116,117.0,527.0982749136384,13.796341896057129,-106.2579345703125,-0.015138429589569569,0.049712804753492754,34.44566774368286,29250.0,117000.0
117,118.0,510.86998449127975,13.736692428588867,-107.36288452148438,-0.024732457473874092,0.05018006278042011,34.44793963432312,29500.0,118000.0
118,119.0,509.6903683724877,13.025586128234863,-108.10618591308594,-0.00933401845395565,0.05057278304228801,34.40476155281067,29750.0,119000.0
119,120.0,546.931335333282,13.66116714477539,-109.16063690185547,-0.006413512397557497,0.05072332269135647,34.46247720718384,30000.0,120000.0
120,121.0,603.0930333204973,14.089158058166504,-110.21073150634766,-0.0011539728147909045,0.05080448816236543,34.29703330993652,30250.0,121000.0
121,122.0,593.4734164185071,13.468375205993652,-111.10035705566406,-0.0020598438568413258,0.05088267103619693,34.357755184173584,30500.0,122000.0
122,123.0,642.1381142424689,13.759169578552246,-112.17843627929688,-0.01735592819750309,0.051088749517815044,34.46742510795593,30750.0,123000.0
123,124.0,621.4569477360797,14.328568458557129,-112.99040222167969,-0.008049005642533302,0.05141759156985297,34.498900175094604,31000.0,124000.0
124,125.0,563.360722024103,13.885168075561523,-113.83865356445312,-0.010901247151196003,0.05162070602916176,34.46433782577515,31250.0,125000.0
125,126.0,643.946009775191,13.693990707397461,-114.89231872558594,-0.010597510263323784,0.05186920100245749,34.448585510253906,31500.0,126000.0
126,127.0,589.021536016234,14.005642890930176,-115.77120971679688,-0.005167416762560606,0.05215518182594616,34.45841956138611,31750.0,127000.0
127,128.0,630.6068915478738,14.164369583129883,-116.9222183227539,-0.009310267865657806,0.0522466354551661,34.43597412109375,32000.0,128000.0
128,129.0,616.7204112807776,14.18591022491455,-117.64691925048828,-0.010214618407189846,0.052478994732023075,34.44038772583008,32250.0,129000.0
129,130.0,581.5313745940019,15.099447250366211,-118.6587142944336,-0.01747242547571659,0.05283028443126283,34.42138075828552,32500.0,130000.0
130,131.0,657.0739035286297,15.458592414855957,-119.5194091796875,-0.01762227714061737,0.0532929532797379,34.29009509086609,32750.0,131000.0
131,132.0,782.2638392057529,15.391552925109863,-120.53327941894531,-0.011544818989932537,0.05364538779700799,34.42583250999451,33000.0,132000.0
132,133.0,578.9591502150244,14.772271156311035,-121.5715560913086,-0.019363993778824806,0.05404775161087583,34.37289381027222,33250.0,133000.0
133,134.0,712.8231737178331,15.096631050109863,-122.5926513671875,-0.009782579727470875,0.05442549524458698,34.51269841194153,33500.0,134000.0
134,135.0,618.2147738044376,14.908371925354004,-123.36859130859375,-0.01775701902806759,0.054789943731913524,34.52488327026367,33750.0,135000.0
135,136.0,580.7094354990916,15.227177619934082,-124.41844177246094,-0.004967404995113611,0.05503974937348128,34.56293725967407,34000.0,136000.0
136,137.0,600.2979563482346,15.461090087890625,-125.29867553710938,-0.013006461784243584,0.055258652506578264,34.550841093063354,34250.0,137000.0
137,138.0,661.5077023685081,15.044636726379395,-126.29916381835938,-0.012659724801778793,0.05554108289021846,34.477519273757935,34500.0,138000.0
138,139.0,579.8630507978316,15.463915824890137,-127.27045440673828,-0.014059580862522125,0.05585370674736048,34.50013279914856,34750.0,139000.0
139,140.0,700.4600079512333,16.267122268676758,-128.43060302734375,-0.021985923871397972,0.05638715285299623,34.52364182472229,35000.0,140000.0
140,141.0,710.7153568394695,16.215370178222656,-129.34368896484375,-0.021446434780955315,0.05693398002009837,34.30592107772827,35250.0,141000.0
141,142.0,687.5415125151634,15.780644416809082,-130.3384246826172,-0.022298013791441917,0.057443020437019335,34.33560013771057,35500.0,142000.0
142,143.0,651.1341486736357,16.303890228271484,-131.21986389160156,-0.015532002784311771,0.05789903190855817,34.41348624229431,35750.0,143000.0
143,144.0,659.9075310556871,15.857734680175781,-132.35499572753906,-0.01902550272643566,0.058248553215060964,34.50506114959717,36000.0,144000.0
144,145.0,609.9645302107881,16.98147201538086,-133.27197265625,-0.020392803475260735,0.05876718710075605,34.427465200424194,36250.0,145000.0
145,146.0,606.6164293631003,16.458003997802734,-134.44497680664062,-0.026023872196674347,0.05938166097529982,34.47895002365112,36500.0,146000.0
146,147.0,614.074036679304,16.563730239868164,-135.14389038085938,-0.014028889127075672,0.0598519007559935,34.48551797866821,36750.0,147000.0
147,148.0,732.8853283010166,16.152591705322266,-136.26620483398438,-0.007058667950332165,0.06003460676065971,34.45799016952515,37000.0,148000.0
148,149.0,669.6290459929592,16.260761260986328,-137.32449340820312,-0.014836217276751995,0.060324931513875295,34.45701193809509,37250.0,149000.0
149,150.0,647.2651392016825,16.518585205078125,-138.36717224121094,-0.006829875521361828,0.06058310118929016,34.45689010620117,37500.0,150000.0
150,151.0,690.8953540907958,17.048992156982422,-139.1525421142578,0.002281446708366275,0.060676699332635,34.276835680007935,37750.0,151000.0
151,152.0,653.3346549255542,16.976909637451172,-140.1623077392578,-0.0051063173450529575,0.06066897316038038,34.38124918937683,38000.0,152000.0
152,153.0,689.551324642121,17.10382843017578,-141.07290649414062,-0.009214140474796295,0.06086422436424241,34.4439263343811,38250.0,153000.0
153,154.0,649.7354630595376,16.916940689086914,-141.93128967285156,-0.014770466834306717,0.06119294365421027,34.4632043838501,38500.0,154000.0
154,155.0,630.9806943639785,16.75735855102539,-142.9134521484375,-0.0132774468511343,0.06159027572907593,34.47636604309082,38750.0,155000.0
155,156.0,681.7173076665218,17.3622989654541,-144.03262329101562,-0.0223094429820776,0.06196851355385944,34.51164889335632,39000.0,156000.0
156,157.0,698.6593046707651,17.229637145996094,-144.76817321777344,-0.014378251507878304,0.06254531769196829,34.43199825286865,39250.0,157000.0
157,158.0,609.1204210844406,17.537147521972656,-145.6697235107422,-0.010947929695248604,0.06283264700205668,34.43315768241882,39500.0,158000.0
158,159.0,640.6113885408937,18.803363800048828,-146.71630859375,-0.008808022364974022,0.06313306375167098,34.45921444892883,39750.0,159000.0
159,160.0,639.2808147116643,18.03122901916504,-147.6040496826172,-0.015330571681261063,0.06351415278424834,34.42128372192383,40000.0,160000.0
160,161.0,634.9849000832692,18.249040603637695,-148.4525909423828,-0.016253534704446793,0.06386886251669804,34.34660077095032,40250.0,161000.0
161,162.0,726.2600913197188,18.313488006591797,-149.54306030273438,-0.022134650498628616,0.06434098408628176,34.35872769355774,40500.0,162000.0
162,163.0,597.2737040074414,18.054304122924805,-150.54835510253906,-0.019811086356639862,0.0649647335615299,34.41936182975769,40750.0,163000.0
163,164.0,655.6465724781655,17.49673080444336,-151.37820434570312,-0.015054465271532536,0.06537904382168547,34.46971011161804,41000.0,164000.0
164,165.0,748.6217567160164,19.216480255126953,-152.3995819091797,-0.009315269999206066,0.06562173545236187,34.462268590927124,41250.0,165000.0
165,166.0,729.5155750462308,18.934171676635742,-153.25222778320312,-0.007746399380266666,0.06579339917649842,34.46877670288086,41500.0,166000.0
166,167.0,662.0756602256411,19.28512191772461,-154.30284118652344,-0.0035920969676226377,0.06599563291535711,34.48387289047241,41750.0,167000.0
167,168.0,673.36944884471,18.88556671142578,-155.26197814941406,-0.019846579059958458,0.06631620559132508,34.42950201034546,42000.0,168000.0
168,169.0,652.6585424204499,19.276151657104492,-156.24737548828125,-0.01766388863325119,0.06681010424517206,34.45339798927307,42250.0,169000.0
169,170.0,590.0275176083207,19.906801223754883,-157.0001678466797,-0.015558924525976181,0.06718691190482531,35.50962805747986,42500.0,170000.0
170,171.0,746.6838661641386,20.123023986816406,-157.7218475341797,-0.018799955025315285,0.06765619405949884,34.26654839515686,42750.0,171000.0
171,172.0,765.7126803349682,19.518762588500977,-158.73463439941406,-0.015294145792722702,0.068172616612574,34.3605260848999,43000.0,172000.0
172,173.0,530.6795729048105,19.400684356689453,-159.46543884277344,-0.01069648563861847,0.06852083374876146,34.38220262527466,43250.0,173000.0
173,174.0,548.0994674359541,18.765710830688477,-160.47488403320312,0.00021520580048672855,0.06863790043989262,34.41734981536865,43500.0,174000.0
174,175.0,687.0595192717224,17.92865562438965,-161.13650512695312,0.0033748247660696507,0.06854524062203811,34.410724401474,43750.0,175000.0
175,176.0,636.9699418764278,18.948240280151367,-161.98240661621094,0.008442959748208523,0.06842002179181507,34.40270018577576,44000.0,176000.0
176,177.0,727.7004070801455,18.479036331176758,-162.82223510742188,0.008739536628127098,0.06820669942761219,34.44097852706909,44250.0,177000.0
177,178.0,629.7404130358831,19.074024200439453,-163.77418518066406,0.004096091724932194,0.06804800500424006,34.402716875076294,44500.0,178000.0
178,179.0,703.3503100344593,18.190963745117188,-164.57908630371094,0.0003851001674775034,0.06789468563599489,34.45183730125427,44750.0,179000.0
179,180.0,738.0816349854316,18.912330627441406,-165.20834350585938,-0.007847792468965054,0.06803602286229214,34.40184497833252,45000.0,180000.0
180,181.0,663.0317668771023,19.124637603759766,-165.97633361816406,0.0009926162892952561,0.06816823942606334,34.28489089012146,45250.0,181000.0
181,182.0,662.249888219014,18.518882751464844,-166.7947998046875,-0.0036283559165894985,0.068251858052157,34.33146047592163,45500.0,182000.0
182,183.0,665.4912469626878,18.299755096435547,-167.4868621826172,-0.002659392775967717,0.06826425905334396,34.423683404922485,45750.0,183000.0
183,184.0,801.1801101307021,18.690601348876953,-168.18804931640625,0.004502473399043083,0.06820308204646391,34.396620988845825,46000.0,184000.0
184,185.0,627.1760552869284,18.637027740478516,-168.83834838867188,-0.0073732431046664715,0.06831424560461681,34.41239547729492,46250.0,185000.0
185,186.0,680.3779835437537,18.56623077392578,-169.87767028808594,0.009798986837267876,0.06828210767974228,34.39214253425598,46500.0,186000.0
186,187.0,659.861697294339,19.622196197509766,-170.4167938232422,-0.005572487600147724,0.06817752042391431,34.41768741607666,46750.0,187000.0
187,188.0,641.6971156001254,19.318111419677734,-171.35089111328125,-0.007532087154686451,0.06833896132188355,34.38520908355713,47000.0,188000.0
188,189.0,720.6440602455607,19.828344345092773,-172.04287719726562,-0.016539396718144417,0.06861105003718107,34.423627614974976,47250.0,189000.0
189,190.0,740.4517737653936,19.502653121948242,-172.8607177734375,-0.004521522205322981,0.0690564457673517,34.47589612007141,47500.0,190000.0
190,191.0,636.6185450497901,19.251609802246094,-173.69293212890625,-0.014052881859242916,0.06930346019997637,34.278520345687866,47750.0,191000.0
191,192.0,821.9852096282581,19.16728401184082,-174.02711486816406,-0.001374024199321866,0.0695600568829948,34.35580348968506,48000.0,192000.0
192,193.0,768.8364591433327,20.0246639251709,-175.04779052734375,-0.0020847220439463854,0.06963504029697584,34.51268219947815,48250.0,193000.0
193,194.0,786.6205726498438,19.307172775268555,-175.88478088378906,-0.006073209457099438,0.06968779451464999,34.39883494377136,48500.0,194000.0
194,195.0,797.2786484972919,19.136259078979492,-176.80035400390625,-0.012867364101111889,0.07000485564551337,34.44287180900574,48750.0,195000.0
195,196.0,663.7243374535512,19.6173038482666,-177.52186584472656,-0.006930505391210318,0.0702906514173756,34.5064582824707,49000.0,196000.0
196,197.0,730.2512004948308,18.397859573364258,-178.44837951660156,0.0005412274622358382,0.07042067547824991,34.461071729660034,49250.0,197000.0
197,198.0,743.7597050794727,19.36954689025879,-179.128173828125,-0.007881943136453629,0.07055965977663577,34.46603226661682,49500.0,198000.0
198,199.0,735.1324290561525,18.5730037689209,-179.74258422851562,-0.01273444015532732,0.07081522662282211,34.42454433441162,49750.0,199000.0
199,200.0,748.4557075108297,18.875640869140625,-180.46914672851562,-0.004069908056408167,0.07111508618954406,34.45182752609253,50000.0,200000.0
200,201.0,743.5275421287445,19.256120681762695,-181.25013732910156,0.0014209435321390629,0.0711643595923388,42.86612272262573,50250.0,201000.0
201,202.0,819.6494419782081,18.474166870117188,-181.9412841796875,-0.005285078193992376,0.07118179717731914,34.386106729507446,50500.0,202000.0
202,203.0,705.802703134119,18.96712875366211,-182.74844360351562,-0.007710431236773729,0.07133024874081031,34.32997679710388,50750.0,203000.0
203,204.0,826.5529659597026,18.804840087890625,-183.2525634765625,0.0065431781113147736,0.07140159207425806,34.4199321269989,51000.0,204000.0
204,205.0,745.1226107857344,18.26681900024414,-184.1048126220703,-0.008110406808555126,0.07134556509005405,34.446975231170654,51250.0,205000.0
205,206.0,657.9858532956903,19.6550235748291,-184.59548950195312,-0.002820309717208147,0.07159015081335833,34.41865944862366,51500.0,206000.0
206,207.0,728.4839713381386,19.568262100219727,-185.5268096923828,0.0012258738279342651,0.0716989843766122,34.4533052444458,51750.0,207000.0
207,208.0,769.9002330188077,19.185359954833984,-186.13815307617188,-0.0035225588362663984,0.0716474490587545,34.41415858268738,52000.0,208000.0
208,209.0,710.0760658864596,18.960620880126953,-186.81723022460938,-0.005514602176845074,0.07176431254332458,34.34131860733032,52250.0,209000.0
209,210.0,751.8813575819553,19.535316467285156,-187.47140502929688,-0.009841975755989552,0.0719881868258143,34.422481298446655,52500.0,210000.0
210,211.0,768.9375050583758,18.614059448242188,-188.27554321289062,0.002442631172016263,0.0721427466501643,34.24457907676697,52750.0,211000.0
211,212.0,796.0511671277728,19.1641788482666,-189.0166473388672,-0.006950295064598322,0.07221985632434598,34.385658740997314,53000.0,212000.0
212,213.0,825.6544076707044,18.33393096923828,-189.80809020996094,0.0026335124857723713,0.07224813466891104,34.39263987541199,53250.0,213000.0
213,214.0,770.8528220698328,18.756532669067383,-190.46234130859375,-0.0036006032023578882,0.07223704218035847,34.37792730331421,53500.0,214000.0
214,215.0,818.1434929889441,18.649194717407227,-191.2032928466797,-0.0012056862469762564,0.07228035050414269,34.42200064659119,53750.0,215000.0
215,216.0,747.5379498306356,18.584938049316406,-191.77687072753906,-0.0008072153432294726,0.07242359350976847,34.39943814277649,54000.0,216000.0
216,217.0,805.446201788301,19.230318069458008,-192.37863159179688,0.003676844295114279,0.07229462239429746,34.46432948112488,54250.0,217000.0
217,218.0,755.9825865818959,18.342323303222656,-193.16539001464844,0.00044096598867326975,0.07220558150151767,34.40450882911682,54500.0,218000.0
218,219.0,644.4964595983542,19.07252311706543,-193.9088897705078,-0.007207137066870928,0.07235628634489248,34.423203468322754,54750.0,219000.0
219,220.0,675.360623925483,19.52392578125,-194.4166259765625,0.004742436110973358,0.07240720058489405,34.44032096862793,55000.0,220000.0
220,221.0,811.6521234351835,19.014562606811523,-194.94573974609375,0.009437158703804016,0.07220370460172906,34.356404066085815,55250.0,221000.0
221,222.0,785.1089143809976,19.19245719909668,-195.77041625976562,0.006475712638348341,0.07186982122283353,34.32174229621887,55500.0,222000.0
222,223.0,654.103315705339,20.59562110900879,-196.38021850585938,-0.0017246189527213573,0.07185846568278131,34.33561158180237,55750.0,223000.0
223,224.0,745.5422077241063,19.652982711791992,-197.3389892578125,-0.0020747645758092403,0.07194540378423543,34.3902645111084,56000.0,224000.0
224,225.0,748.573829122012,20.479551315307617,-197.9370574951172,-0.0038626932073384523,0.07196157789292176,34.41371703147888,56250.0,225000.0
225,226.0,703.1840818722304,20.17182731628418,-198.7322998046875,-0.009086273610591888,0.07213089492188555,35.55257701873779,56500.0,226000.0
226,227.0,774.3016300684014,19.879417419433594,-199.4141387939453,0.003339628456160426,0.0723241195070456,34.348310470581055,56750.0,227000.0
227,228.0,735.2462948858235,19.508638381958008,-200.05661010742188,-0.006032956298440695,0.07237014127606534,34.32859420776367,57000.0,228000.0
228,229.0,616.5632022024223,19.08064079284668,-200.85313415527344,-0.0007719197310507298,0.07243503200230149,34.40979981422424,57250.0,229000.0
229,230.0,683.7803698507988,19.913707733154297,-201.46575927734375,-0.004242089111357927,0.07253410149629151,34.454323291778564,57500.0,230000.0
230,231.0,762.9483465070454,19.09648895263672,-201.9061279296875,-0.008875763975083828,0.07269217895922475,34.250155210494995,57750.0,231000.0
231,232.0,691.5464557895925,19.982255935668945,-202.5753173828125,0.002068094676360488,0.07286446524406641,34.298378229141235,58000.0,232000.0
232,233.0,748.012121374035,21.187347412109375,-203.38832092285156,-0.0019068715628236532,0.07288380239868528,34.44970464706421,58250.0,233000.0
233,234.0,765.9018775340371,19.351364135742188,-204.0251007080078,0.007185894995927811,0.07273480906303116,34.45006561279297,58500.0,234000.0
234,235.0,826.6466877536112,19.867570877075195,-204.66024780273438,0.005462251603603363,0.07253222901219131,34.32807397842407,58750.0,235000.0
235,236.0,721.4225349434861,20.36141014099121,-205.20742797851562,-0.0025696209631860256,0.072414634935345,34.427483558654785,59000.0,236000.0
236,237.0,792.9224249852208,19.872648239135742,-205.93502807617188,0.0012720383238047361,0.07253559059794526,34.43166136741638,59250.0,237000.0
237,238.0,770.1195748545227,19.925817489624023,-206.8899688720703,-0.002559373388066888,0.07251389170855195,34.41707158088684,59500.0,238000.0
238,239.0,807.6267377253605,19.62590980529785,-207.58279418945312,-0.0016348004573956132,0.07259617235748973,34.39512610435486,59750.0,239000.0
239,240.0,736.1738407373921,19.76358985900879,-208.0894012451172,0.00434421980753541,0.07255473891255199,34.448017835617065,60000.0,240000.0
240,241.0,718.3262363699158,20.985065460205078,-208.60179138183594,0.005782723892480135,0.07232377978249621,34.20451283454895,60250.0,241000.0
241,242.0,782.5263785436335,20.20662498474121,-209.43931579589844,0.001919122296385467,0.07231939853266264,34.402793645858765,60500.0,242000.0
242,243.0,732.0924584641457,20.216238021850586,-210.1403350830078,0.002446187427267432,0.0723280786724629,34.38641619682312,60750.0,243000.0
243,244.0,660.279503733711,20.57293128967285,-210.60133361816406,-0.00454337801784277,0.07225796601512766,34.44323110580444,61000.0,244000.0
244,245.0,717.3859304910877,20.540019989013672,-211.15199279785156,0.0007598762167617679,0.0723091537745443,34.41057848930359,61250.0,245000.0
245,246.0,731.7347457841738,19.940263748168945,-211.7825164794922,-0.003552170703187585,0.07233561323217642,34.41212177276611,61500.0,246000.0
246,247.0,754.9024017976298,20.137248992919922,-212.43417358398438,-0.011558507569134235,0.07256569420561158,34.45429301261902,61750.0,247000.0
247,248.0,745.7194740917389,20.680526733398438,-212.94374084472656,-0.0038651609793305397,0.07285124810441189,34.38351249694824,62000.0,248000.0
248,249.0,808.8768920141779,20.326231002807617,-213.54771423339844,-0.0031208081636577845,0.07293740425618687,34.45826172828674,62250.0,249000.0
249,250.0,740.6822592076436,20.96554946899414,-213.92965698242188,0.000996568356640637,0.0728997381787005,34.48247265815735,62500.0,250000.0
250,251.0,742.6226199224968,19.690061569213867,-214.7908935546875,0.006556388456374407,0.07292920545596343,34.20061016082764,62750.0,251000.0
251,252.0,758.0902146188592,20.22154998779297,-215.289306640625,0.010653149336576462,0.07256914548530165,34.378987312316895,63000.0,252000.0
252,253.0,767.3501071654858,20.778736114501953,-215.76914978027344,0.005694539286196232,0.07235621047203361,34.386252641677856,63250.0,253000.0
253,254.0,758.6283810957657,20.352590560913086,-216.562255859375,0.00934602227061987,0.072103552489596,34.41563439369202,63500.0,254000.0
254,255.0,790.2323965860681,20.16667938232422,-217.07479858398438,0.003305549267679453,0.07191779054101524,34.43570327758789,63750.0,255000.0
255,256.0,859.266831944944,19.996501922607422,-217.68093872070312,0.00012037156557198614,0.0718347450382464,34.38934564590454,64000.0,256000.0
256,257.0,685.303179043634,20.521528244018555,-218.08847045898438,-0.009032722562551498,0.07199613903889865,34.44573211669922,64250.0,257000.0
257,258.0,731.8749213925054,20.163406372070312,-218.8214874267578,0.003214015392586589,0.07205929952927972,34.433265924453735,64500.0,258000.0
258,259.0,815.7215444869172,20.12049102783203,-219.49301147460938,0.00268055428750813,0.07197234496097547,34.54059648513794,64750.0,259000.0
259,260.0,752.4438973748822,19.453144073486328,-220.14283752441406,0.009559876285493374,0.07184955871551676,34.38320350646973,65000.0,260000.0
260,261.0,730.8839543073509,19.667722702026367,-220.8015594482422,0.004126822110265493,0.07151519204380133,34.24700951576233,65250.0,261000.0
261,262.0,813.0552380818066,19.289260864257812,-221.125244140625,0.000553824589587748,0.07148176258393071,34.3126175403595,65500.0,262000.0
262,263.0,771.9590894292548,19.240964889526367,-221.8941650390625,0.004774917382746935,0.07148704362041226,34.37998294830322,65750.0,263000.0
263,264.0,782.3524336500718,20.1765079498291,-222.24105834960938,0.0014624149771407247,0.07139676851415484,34.461708068847656,66000.0,264000.0
264,265.0,729.1753986025495,20.000871658325195,-222.88526916503906,0.0058585843071341515,0.07118749798526632,34.42535924911499,66250.0,265000.0
265,266.0,717.3874037873833,20.205549240112305,-223.3704833984375,0.0011125325690954924,0.07104871453118212,34.408530950546265,66500.0,266000.0
266,267.0,767.4807426595528,19.56104278564453,-223.93231201171875,0.00025306170573458076,0.07105612992795807,34.43864560127258,66750.0,267000.0
267,268.0,752.8113156224509,20.141658782958984,-224.39404296875,-0.001794635085389018,0.07110444864757784,34.4516441822052,67000.0,268000.0
268,269.0,780.587568159528,20.29532241821289,-224.85536193847656,0.003667652839794755,0.07109929953243982,34.49027609825134,67250.0,269000.0
269,270.0,767.1756520260572,19.615190505981445,-225.37879943847656,0.00798310711979866,0.07095561027218975,34.45689010620117,67500.0,270000.0
270,271.0,790.7288213519726,19.202625274658203,-225.86973571777344,-0.0009785826550796628,0.07075345121659424,34.23012018203735,67750.0,271000.0
271,272.0,790.6034417072165,19.46912384033203,-226.38360595703125,0.005908752791583538,0.07071313144569936,34.30614256858826,68000.0,272000.0
272,273.0,761.7722023053991,19.200143814086914,-227.19801330566406,-0.003726339666172862,0.07075203150095945,34.35717010498047,68250.0,273000.0
273,274.0,754.3762706812458,19.262475967407227,-227.57308959960938,0.009924651123583317,0.07067043175229892,34.42902421951294,68500.0,274000.0
274,275.0,598.2630175069567,19.92220687866211,-228.0203857421875,0.009128923527896404,0.07028273850781631,34.46384787559509,68750.0,275000.0
275,276.0,749.2193691781536,20.24920654296875,-228.62559509277344,0.008673745207488537,0.06996798674718786,34.434264183044434,69000.0,276000.0
276,277.0,796.422554504751,20.957996368408203,-229.05914306640625,0.004637524951249361,0.06989007487153026,34.44396710395813,69250.0,277000.0
277,278.0,741.685327635948,20.708093643188477,-229.43997192382812,0.0031028040684759617,0.069744725633953,34.478825092315674,69500.0,278000.0
278,279.0,790.2774196310999,20.439178466796875,-229.89532470703125,-0.0020343135111033916,0.06967698801112551,34.48482346534729,69750.0,279000.0
279,280.0,770.1945990827783,20.718515396118164,-230.2548370361328,0.002155581722036004,0.0696778777819696,34.46115040779114,70000.0,280000.0
280,281.0,641.0851835204321,19.608869552612305,-230.9259490966797,0.005070125218480825,0.06956982544792883,34.27400302886963,70250.0,281000.0
281,282.0,808.2098036435414,19.522897720336914,-231.56387329101562,-0.002394098788499832,0.06952330946965674,35.51623010635376,70500.0,282000.0
282,283.0,756.0544314677635,18.419769287109375,-232.1690216064453,0.004798618610948324,0.06949023799420694,34.45910286903381,70750.0,283000.0
283,284.0,730.4124937222092,19.59930992126465,-232.5023193359375,0.005703965667635202,0.06930711875156262,34.436241149902344,71000.0,284000.0
284,285.0,719.9060918127909,19.49989891052246,-232.9518280029297,0.003923994954675436,0.06921315572576181,34.415817737579346,71250.0,285000.0
285,286.0,780.416825975773,19.733718872070312,-233.414306640625,0.0073271580040454865,0.06903962327911056,34.387110471725464,71500.0,286000.0
286,287.0,811.9281826021228,18.759937286376953,-233.99969482421875,-0.010682469233870506,0.06903670553753498,34.367695331573486,71750.0,287000.0
287,288.0,792.5728642695194,19.556442260742188,-234.49623107910156,0.0007050244021229446,0.06930985079781424,34.406593561172485,72000.0,288000.0
288,289.0,849.0707269929493,19.310543060302734,-235.07571411132812,-0.0005942552234046161,0.06919700999485812,34.379305839538574,72250.0,289000.0
289,290.0,786.7347417438482,18.774940490722656,-235.55104064941406,0.009025798179209232,0.0690587514855355,34.422666788101196,72500.0,290000.0
290,291.0,818.0520386635303,19.68451499938965,-235.91632080078125,0.0017517937812954187,0.06896895618517104,34.25562930107117,72750.0,291000.0
291,292.0,774.6363095616487,19.922483444213867,-236.27330017089844,0.006312355399131775,0.06880228916551526,34.31914973258972,73000.0,292000.0
292,293.0,771.3720932273014,19.42373275756836,-236.8918914794922,0.007403571158647537,0.06857280830186147,34.40405464172363,73250.0,293000.0
293,294.0,778.5084530322057,18.568038940429688,-237.49114990234375,0.004813030362129211,0.06842437648558714,34.427480697631836,73500.0,294000.0
294,295.0,683.3740084487498,17.977676391601562,-238.06631469726562,0.006672188173979521,0.06828705286013804,34.479180335998535,73750.0,295000.0
295,296.0,795.3313828248941,18.57172966003418,-238.3712158203125,0.006080327555537224,0.0681075762858518,34.45714211463928,74000.0,296000.0
296,297.0,813.5508944816586,18.725492477416992,-238.80453491210938,-0.005991593934595585,0.0681198489594064,34.4572217464447,74250.0,297000.0
297,298.0,779.3104012655111,18.398895263671875,-239.27149963378906,0.004770544823259115,0.0680918571323039,34.408966064453125,74500.0,298000.0
298,299.0,729.7553484520638,18.53530502319336,-239.58270263671875,0.008017828688025475,0.06792204043036205,34.457098960876465,74750.0,299000.0
299,300.0,727.8761937511922,18.089031219482422,-240.10743713378906,-0.0007946519763208926,0.06781936175146236,34.471787214279175,75000.0,300000.0
300,301.0,766.5924728609795,18.552227020263672,-240.4030303955078,-0.0020660189911723137,0.06783386665095631,43.17626595497131,75250.0,301000.0
301,302.0,744.0993775821107,19.129497528076172,-240.79859924316406,0.005470083095133305,0.06781093827433234,34.30041527748108,75500.0,302000.0
302,303.0,796.8496730503438,19.136991500854492,-241.32582092285156,0.0036376100033521652,0.06759034082328846,34.46820783615112,75750.0,303000.0
303,304.0,797.7085501892606,18.271207809448242,-241.7552490234375,0.001233695656992495,0.0675496586137335,34.41979670524597,76000.0,304000.0
304,305.0,680.859512563858,17.878570556640625,-242.18760681152344,0.0056732334196567535,0.06750010423875627,34.50750279426575,76250.0,305000.0
305,306.0,773.1581546448339,18.505983352661133,-242.42196655273438,0.012332956306636333,0.06718064506564982,34.407848834991455,76500.0,306000.0
306,307.0,736.8316155863688,17.920074462890625,-242.6617431640625,0.009895415976643562,0.0668692383622068,34.42700457572937,76750.0,307000.0
307,308.0,724.9366683747226,17.642953872680664,-243.4354248046875,0.00037794344825670123,0.06667559948011778,34.47123980522156,77000.0,308000.0
308,309.0,700.5185646343364,18.237506866455078,-243.6407012939453,-0.0015091169625520706,0.06674679779856338,34.482218742370605,77250.0,309000.0
309,310.0,813.7297226336947,18.567031860351562,-244.02450561523438,0.001196261146105826,0.0666936954142419,34.38525032997131,77500.0,310000.0
310,311.0,741.480232213015,19.01885223388672,-244.59857177734375,-0.0005506124580278993,0.06674651860832705,34.21792554855347,77750.0,311000.0
311,312.0,767.215947258875,18.391082763671875,-245.00437927246094,0.013273172080516815,0.06661771865696396,34.36180663108826,78000.0,312000.0
312,313.0,722.0975107586651,18.224102020263672,-245.2043914794922,0.006737498566508293,0.06621776820051038,34.34962248802185,78250.0,313000.0
313,314.0,741.8434023184756,17.710769653320312,-245.74427795410156,-4.8935875383904204e-05,0.06615648711754957,34.43441367149353,78500.0,314000.0
314,315.0,703.8103821210279,17.32569694519043,-246.13612365722656,0.00448652496561408,0.0660924236259687,34.475836992263794,78750.0,315000.0
315,316.0,724.106696301814,17.137208938598633,-246.63308715820312,-0.002003318630158901,0.06608463420251859,34.46504235267639,79000.0,316000.0
316,317.0,785.054372567831,18.431941986083984,-246.75732421875,0.002827475545927882,0.06599039416253988,34.4842324256897,79250.0,317000.0
317,318.0,784.8410463817988,18.570152282714844,-247.23231506347656,-0.005661222618073225,0.06609113922288058,34.46694016456604,79500.0,318000.0
318,319.0,783.4263169765501,18.141258239746094,-247.516357421875,-0.0025658071972429752,0.06619443833524047,34.50172257423401,79750.0,319000.0
319,320.0,739.4165474367646,17.782421112060547,-247.93267822265625,-0.001921868766658008,0.06627076279617371,34.40947413444519,80000.0,320000.0
320,321.0,819.6914789117023,17.531023025512695,-248.05809020996094,0.0020665025804191828,0.06629469607027987,34.272879123687744,80250.0,321000.0
321,322.0,779.5111641758892,18.50811767578125,-248.56817626953125,-0.0006740082753822207,0.06618882203790723,34.35091495513916,80500.0,322000.0
322,323.0,821.0983861063419,17.72488784790039,-249.24342346191406,0.0031335235107690096,0.06623933382757362,34.38497066497803,80750.0,323000.0
323,324.0,783.3689418272589,18.052927017211914,-249.1793212890625,-0.003314550267532468,0.06610045372204688,34.46969652175903,81000.0,324000.0
324,325.0,760.5126718012584,17.703716278076172,-249.65464782714844,0.004856907296925783,0.06603514695889123,34.44659686088562,81250.0,325000.0
325,326.0,661.6149060845269,17.66012191772461,-250.1544647216797,0.005192700307816267,0.06604955172394593,34.46674060821533,81500.0,326000.0
326,327.0,852.0002984254954,17.722990036010742,-250.42068481445312,-0.0028935910668224096,0.06602252001786581,34.53740859031677,81750.0,327000.0
327,328.0,810.0390965923219,17.83438491821289,-250.5832977294922,0.012792681343853474,0.06581054896742745,34.45633840560913,82000.0,328000.0
328,329.0,782.6523120043103,17.646846771240234,-251.24636840820312,0.001694751437753439,0.06559093656838752,34.50774002075195,82250.0,329000.0
329,330.0,758.7868117908688,17.65319061279297,-251.5827178955078,0.0036673094145953655,0.06548355394554355,34.547850608825684,82500.0,330000.0
330,331.0,761.6468241104228,18.335773468017578,-251.9344024658203,0.013585805892944336,0.06533435811560252,34.27113199234009,82750.0,331000.0
331,332.0,772.4933316443278,18.06618881225586,-252.1268768310547,0.0030110350344330072,0.0650603768853331,34.320488929748535,83000.0,332000.0
332,333.0,774.1943366672999,16.509960174560547,-252.5543212890625,0.0014808161649852991,0.06497271920859463,34.43002796173096,83250.0,333000.0
333,334.0,764.0031803398567,18.339468002319336,-252.85813903808594,0.003405184717848897,0.06487580091496407,34.49585509300232,83500.0,334000.0
334,335.0,731.0129014445461,18.513593673706055,-253.18174743652344,0.0025326241739094257,0.06480720234679543,34.4585702419281,83750.0,335000.0
335,336.0,800.4211971005836,18.618820190429688,-253.25897216796875,-0.0037353304214775562,0.06485152764425876,34.50554800033569,84000.0,336000.0
336,337.0,776.2445058370533,18.06696128845215,-253.70765686035156,-0.0020781676284968853,0.06492736921292776,34.50037145614624,84250.0,337000.0
337,338.0,799.0423059665281,18.24707794189453,-254.01806640625,-0.0012391776544973254,0.06497728266451981,34.429911613464355,84500.0,338000.0
338,339.0,743.1299323568933,17.810665130615234,-254.62950134277344,0.004482008516788483,0.06491064778821572,35.71008324623108,84750.0,339000.0
339,340.0,793.708756483465,18.411182403564453,-254.78274536132812,0.007466625422239304,0.06474861429135753,34.4444305896759,85000.0,340000.0
340,341.0,818.8734759504193,17.61696434020996,-255.1243896484375,0.010022197850048542,0.06444334744297517,34.22683358192444,85250.0,341000.0
341,342.0,695.7768581827241,18.02214241027832,-255.5885772705078,0.0039237625896930695,0.06423953431428404,34.385101556777954,85500.0,342000.0
342,343.0,754.8865678581685,17.587839126586914,-255.81588745117188,-0.0007010849076323211,0.06416901146528083,34.548457622528076,85750.0,343000.0
343,344.0,807.1298522718292,18.318605422973633,-256.0466613769531,0.001190638868138194,0.06423820637643239,34.442195892333984,86000.0,344000.0
344,345.0,792.2751637942799,18.25037384033203,-256.4118347167969,0.002767732832580805,0.06409064930347909,34.36593317985535,86250.0,345000.0
345,346.0,778.6877969658644,17.606643676757812,-256.9747314453125,0.0021165700163692236,0.06406228199252527,34.405086517333984,86500.0,346000.0
346,347.0,768.2407203649799,18.278167724609375,-257.0938415527344,-0.001704096794128418,0.06405682153187177,34.42646408081055,86750.0,347000.0
347,348.0,821.0374004263502,17.46749496459961,-257.39239501953125,-0.008002202026546001,0.06428102507927572,34.4141058921814,87000.0,348000.0
348,349.0,819.7930669905485,17.31867790222168,-257.55706787109375,-0.00017131507047452033,0.0643713714496961,34.482308864593506,87250.0,349000.0
349,350.0,734.6697052061977,17.781972885131836,-258.0469665527344,0.005196272861212492,0.06427096354387457,34.50573444366455,87500.0,350000.0
350,351.0,676.482862022995,17.234172821044922,-258.3565673828125,0.0029026204720139503,0.06416273723634146,34.288798332214355,87750.0,351000.0
351,352.0,742.7084835621029,17.30674934387207,-258.4964294433594,0.001159928971901536,0.06410471975736105,34.342734575271606,88000.0,352000.0
352,353.0,737.17131722434,17.254878997802734,-258.7901916503906,0.016986478120088577,0.06382494361133763,34.440956830978394,88250.0,353000.0
353,354.0,787.1918722781694,17.110057830810547,-259.1155090332031,0.00488966004922986,0.06350706422745388,34.42780685424805,88500.0,354000.0
354,355.0,732.6548964148062,17.23695945739746,-259.5638732910156,-0.002140530152246356,0.06342962964014755,34.426061391830444,88750.0,355000.0
355,356.0,726.3966954569277,17.36522674560547,-259.6558532714844,0.015453629195690155,0.06321103127386796,34.444941997528076,89000.0,356000.0
356,357.0,790.7234758049327,17.918386459350586,-259.977294921875,-0.001016590860672295,0.0629449331618632,34.45017957687378,89250.0,357000.0
357,358.0,763.5829607569472,16.430112838745117,-260.2433166503906,0.006509728729724884,0.06294383674320105,34.4662024974823,89500.0,358000.0
358,359.0,754.7733391783197,17.379648208618164,-260.5177307128906,0.005275208968669176,0.06271492002588046,34.420034885406494,89750.0,359000.0
359,360.0,716.4101052499734,16.661428451538086,-260.7759094238281,-0.0002555156243033707,0.06273579187003359,34.460697889328,90000.0,360000.0
360,361.0,694.1005783520923,16.662073135375977,-261.01153564453125,0.005754488054662943,0.06263602262880044,34.22328782081604,90250.0,361000.0
361,362.0,725.3781759701644,17.221956253051758,-261.1648864746094,0.014150119386613369,0.06233954227474813,34.27249884605408,90500.0,362000.0
362,363.0,748.0379938479765,16.712852478027344,-261.450927734375,0.0024196782615035772,0.06211675647195476,34.46451234817505,90750.0,363000.0
363,364.0,810.1051104880696,16.967790603637695,-261.6867370605469,-8.710331894690171e-05,0.06204124982952658,34.461803913116455,91000.0,364000.0
364,365.0,762.5667171239156,15.895625114440918,-261.988525390625,-0.0001332937681581825,0.062037879441364074,34.521326303482056,91250.0,365000.0
365,366.0,789.4020583041896,16.532312393188477,-262.0609436035156,-0.009072987362742424,0.06219579637241812,34.45315146446228,91500.0,366000.0
366,367.0,806.6830891061269,18.144489288330078,-262.361083984375,-0.001951212645508349,0.062308626684373876,34.587711572647095,91750.0,367000.0
367,368.0,771.2079019515833,16.715694427490234,-262.62603759765625,0.005787570029497147,0.06234309110228338,34.485878229141235,92000.0,368000.0
368,369.0,745.694488968064,15.831486701965332,-262.91943359375,0.008619763888418674,0.06209367412487193,34.45291781425476,92250.0,369000.0
369,370.0,741.4152461323423,16.829914093017578,-263.1356506347656,-0.0006918637081980705,0.062078716662701615,34.46243119239807,92500.0,370000.0
370,371.0,804.0600722578022,17.005020141601562,-263.4198303222656,-0.0004902914515696466,0.061997564821991154,34.26142191886902,92750.0,371000.0
371,372.0,731.5954210292379,16.5654354095459,-263.8058776855469,0.008134989067912102,0.06177996676708944,34.33763885498047,93000.0,372000.0
372,373.0,805.6764798624552,16.673734664916992,-263.9087219238281,0.002767950529232621,0.06170103302331361,34.43777108192444,93250.0,373000.0
373,374.0,665.6564174759129,15.958542823791504,-264.2289123535156,0.004684046842157841,0.061583573988770825,34.528613805770874,93500.0,374000.0
374,375.0,780.0889079617424,17.270124435424805,-264.264404296875,-0.0020225001499056816,0.061534089266910376,34.51264572143555,93750.0,375000.0
375,376.0,777.123636811915,16.711408615112305,-264.6219787597656,-0.004098078701645136,0.06166611552410058,34.50483202934265,94000.0,376000.0
376,377.0,751.0014372626092,17.116615295410156,-264.9786682128906,0.005213192198425531,0.06167224494337846,34.54071021080017,94250.0,377000.0
377,378.0,765.2939355375283,16.421367645263672,-265.0830993652344,0.0026874763425439596,0.06152548997366719,34.52113366127014,94500.0,378000.0
378,379.0,754.2897344662105,16.139102935791016,-265.4783630371094,0.0006686481647193432,0.06141703591108195,34.49719858169556,94750.0,379000.0
379,380.0,775.714356004448,16.569278717041016,-265.71356201171875,-0.006638581398874521,0.061568635699915816,34.468406438827515,95000.0,380000.0
380,381.0,680.460727464496,17.13623046875,-265.8090515136719,0.006667997222393751,0.061474768255827004,34.2535834312439,95250.0,381000.0
381,382.0,780.5193585873094,16.51788330078125,-266.0120849609375,-0.013081882148981094,0.06162498810240562,34.39356517791748,95500.0,382000.0
382,383.0,764.5861507948747,16.146299362182617,-266.00433349609375,0.011332831345498562,0.061690346203792205,34.37248682975769,95750.0,383000.0
383,384.0,670.5639235088031,16.14255142211914,-266.39453125,0.0007601900142617524,0.06147247192082223,34.405797481536865,96000.0,384000.0
384,385.0,770.304079083279,15.853065490722656,-266.5870056152344,0.0109014380723238,0.061319375040921616,34.44432091712952,96250.0,385000.0
385,386.0,800.6812804120757,16.071674346923828,-266.93109130859375,0.00804046355187893,0.06106023227674628,34.58178734779358,96500.0,386000.0
386,387.0,791.9129667613673,16.937292098999023,-267.0688171386719,-0.002083701314404607,0.06090446804689454,34.420483350753784,96750.0,387000.0
387,388.0,739.5353874874019,16.0519962310791,-267.2675476074219,0.004665066488087177,0.06090894468824107,34.44670009613037,97000.0,388000.0
388,389.0,775.0664900974346,16.441123962402344,-267.3518371582031,0.004130078945308924,0.06078192465567702,34.46693801879883,97250.0,389000.0
389,390.0,805.622814218543,17.106101989746094,-267.68603515625,0.0023299562744796276,0.06066298927282182,34.543965578079224,97500.0,390000.0
390,391.0,792.7971277365921,16.810075759887695,-267.90484619140625,0.0025069669354707003,0.06061882604767927,34.2688090801239,97750.0,391000.0
391,392.0,841.4642911519232,16.565603256225586,-268.0115966796875,0.007159199099987745,0.060444098058465325,34.34885287284851,98000.0,392000.0
392,393.0,725.8524184993055,16.609249114990234,-268.3435974121094,0.0013452584389597178,0.060402939593306594,34.44840717315674,98250.0,393000.0
393,394.0,765.4766067590346,16.456443786621094,-268.3536376953125,0.0051784091629087925,0.06025003801381627,34.500380992889404,98500.0,394000.0
394,395.0,807.9294567057764,16.137990951538086,-268.7000732421875,0.013618402183055878,0.05997375136405704,35.76628398895264,98750.0,395000.0
395,396.0,756.4791828274533,15.883668899536133,-268.9820556640625,0.005026717204600573,0.05966981377327003,34.44387912750244,99000.0,396000.0
396,397.0,815.4824921759908,16.92081642150879,-268.87847900390625,-0.006954806391149759,0.05977101699631274,34.47753643989563,99250.0,397000.0
397,398.0,735.787552965855,16.783411026000977,-269.2768249511719,0.008553242310881615,0.05974987287160498,34.48060917854309,99500.0,398000.0
398,399.0,747.5943363645519,16.174537658691406,-269.3248291015625,0.00411754846572876,0.0595249756436608,34.48399376869202,99750.0,399000.0
399,400.0,788.1821950709933,17.027732849121094,-269.50048828125,0.0002379018987994641,0.05946478697453666,34.41722297668457,100000.0,400000.0
400,401.0,811.438518805154,16.847332000732422,-269.67333984375,-0.0032836399041116238,0.059495659337252337,43.17301940917969,100250.0,401000.0
401,402.0,780.5626675614947,17.014272689819336,-270.0072021484375,-0.0011787370312958956,0.05959780252258781,34.355459451675415,100500.0,402000.0
402,403.0,725.6492405220569,16.536479949951172,-270.06451416015625,0.003122530644759536,0.05955254219834605,34.43976402282715,100750.0,403000.0
403,404.0,769.5172703859615,16.471172332763672,-270.38323974609375,0.004869269672781229,0.05946207320360771,34.44893980026245,101000.0,404000.0
404,405.0,761.5530859283592,16.626708984375,-270.43682861328125,-0.0025140156503766775,0.059354783697923505,34.42136311531067,101250.0,405000.0
405,406.0,809.4507387848214,16.690858840942383,-270.60626220703125,0.001059877104125917,0.059440802500035465,34.48468542098999,101500.0,406000.0
406,407.0,810.1638842115863,16.469600677490234,-270.7706604003906,0.0010908927069976926,0.05944503239909362,34.45898151397705,101750.0,407000.0
407,408.0,758.6350956860057,16.907730102539062,-271.0625915527344,-0.002644211519509554,0.059405256110232965,34.493781089782715,102000.0,408000.0
408,409.0,770.0225714608989,15.961091995239258,-271.5262451171875,0.004281384404748678,0.059444869442744845,34.4452121257782,102250.0,409000.0
409,410.0,794.8270271815651,16.865081787109375,-271.3624267578125,0.0023854724131524563,0.05919602810250575,34.64488649368286,102500.0,410000.0
410,411.0,766.1483411849214,16.412090301513672,-271.46270751953125,0.011432863771915436,0.05909895525617733,34.22796654701233,102750.0,411000.0
411,412.0,714.3598122018348,16.272415161132812,-271.71685791015625,0.002901778556406498,0.05890014293685747,34.372334241867065,103000.0,412000.0
412,413.0,771.5678619656185,16.375455856323242,-271.848388671875,0.0048352619633078575,0.058794121906778025,34.373175382614136,103250.0,413000.0
413,414.0,732.1244819693372,16.755773544311523,-272.02679443359375,-0.00071384955663234,0.05866481214237973,34.488242864608765,103500.0,414000.0
414,415.0,735.5716733862221,16.206802368164062,-272.1990051269531,0.0035294326953589916,0.058669675140497084,34.48168087005615,103750.0,415000.0
415,416.0,793.2687630596607,17.06549644470215,-272.35009765625,0.0017763169016689062,0.058595161201170906,34.54908037185669,104000.0,416000.0
416,417.0,780.0675651682974,17.264938354492188,-272.51495361328125,-0.0074682896956801414,0.05860125069490004,34.45812797546387,104250.0,417000.0
417,418.0,723.1615919954074,16.925880432128906,-272.7778015136719,0.004541211295872927,0.0586819756434375,34.49338388442993,104500.0,418000.0
418,419.0,711.5675598619388,16.62987518310547,-272.8967590332031,0.0018184282816946507,0.05863060263151397,34.45755481719971,104750.0,419000.0
419,420.0,776.9310255253422,16.231441497802734,-273.19793701171875,0.0038154141511768103,0.058564911723682264,34.52245855331421,105000.0,420000.0
420,421.0,783.2500577537841,15.963834762573242,-273.27777099609375,-0.004242653958499432,0.05857539607709606,34.2293586730957,105250.0,421000.0
421,422.0,744.3810733718994,16.36517333984375,-273.5765380859375,-0.00826129037886858,0.05873080836689492,34.38910675048828,105500.0,422000.0
422,423.0,804.7577664601691,16.40861701965332,-273.56878662109375,0.012311847880482674,0.0587086228586562,34.41078805923462,105750.0,423000.0
423,424.0,718.1123852407467,16.171545028686523,-273.81573486328125,0.011015534400939941,0.058388445688279694,34.480899810791016,106000.0,424000.0
424,425.0,782.7189995640007,15.805500030517578,-273.89447021484375,0.002833634614944458,0.05812709623575682,34.49339747428894,106250.0,425000.0
425,426.0,837.40660898094,15.40811538696289,-274.2274169921875,0.00458945007994771,0.057965123194170624,34.46499824523926,106500.0,426000.0
426,427.0,818.3604796903064,16.32359504699707,-274.2354736328125,0.0095626600086689,0.057844920396721795,34.517147064208984,106750.0,427000.0
427,428.0,790.5523088828731,15.565443992614746,-274.55145263671875,0.003438917687162757,0.05756040272210915,34.458970069885254,107000.0,428000.0
428,429.0,799.0455804697846,16.304141998291016,-274.5035705566406,-0.003741638967767358,0.05763566013624966,34.48206567764282,107250.0,429000.0
429,430.0,830.7551346033325,16.19537925720215,-274.8140563964844,0.00409699184820056,0.05757823184467118,34.47618794441223,107500.0,430000.0
430,431.0,766.9448808430868,16.18951416015625,-274.649169921875,-0.009372507221996784,0.05767249318879489,34.21500635147095,107750.0,431000.0
431,432.0,767.0277549149156,16.090744018554688,-274.9267272949219,-0.004166315775364637,0.05779859388898151,34.42738175392151,108000.0,432000.0
432,433.0,817.552709280485,15.76351261138916,-275.140869140625,0.0008147347252815962,0.05796828796356549,34.38818573951721,108250.0,433000.0
433,434.0,774.3335628355402,15.534042358398438,-275.3629150390625,-0.0013646251754835248,0.057872730191769986,34.42523980140686,108500.0,434000.0
434,435.0,785.867465132668,15.103914260864258,-275.4959411621094,-0.00658379914239049,0.05805364722040247,34.544612646102905,108750.0,435000.0
435,436.0,850.0670718771403,16.312828063964844,-275.65081787109375,-0.0018752325559034944,0.05818637734791779,34.50065469741821,109000.0,436000.0
436,437.0,818.668635416557,16.25871467590332,-276.0897216796875,0.0068868002854287624,0.05811254731129952,34.46470284461975,109250.0,437000.0
437,438.0,822.7298131140617,16.02579116821289,-275.97406005859375,-0.0006917502614669502,0.057984555805148524,34.53891968727112,109500.0,438000.0
438,439.0,856.748897565941,16.385242462158203,-276.3002624511719,0.007200771011412144,0.05791722856186172,34.463852405548096,109750.0,439000.0
439,440.0,768.0566777273275,15.57894229888916,-276.2604675292969,0.0049525052309036255,0.05778254292924322,34.53882598876953,110000.0,440000.0
440,441.0,820.5373029331154,15.549885749816895,-276.5111389160156,0.010743172839283943,0.05754391858218699,34.25554132461548,110250.0,441000.0
441,442.0,828.321045876621,15.561419486999512,-276.604736328125,0.005745356902480125,0.057297923255015856,34.39806532859802,110500.0,442000.0
442,443.0,859.0916226700631,15.944551467895508,-276.97882080078125,-0.0004302441666368395,0.057211879617993594,34.37987947463989,110750.0,443000.0
443,444.0,835.7190654951484,16.289216995239258,-277.0360107421875,0.006420271936804056,0.05708331810263173,34.40024375915527,111000.0,444000.0
444,445.0,803.5749411600291,15.172968864440918,-277.1311340332031,-0.003923932556062937,0.05697803079049805,34.44283151626587,111250.0,445000.0
445,446.0,779.9295646731659,16.233047485351562,-277.4760437011719,0.004171458538621664,0.057022140976145545,34.43211364746094,111500.0,446000.0
446,447.0,814.5098857113845,15.918667793273926,-277.5677185058594,0.0027568445075303316,0.05698981949982901,34.37553811073303,111750.0,447000.0
447,448.0,746.055776545564,15.724884033203125,-277.6755065917969,0.001833653193898499,0.05686075860371599,34.44361186027527,112000.0,448000.0
448,449.0,799.571305911816,16.035179138183594,-277.7790222167969,0.003643690375611186,0.05675926644457184,34.38489294052124,112250.0,449000.0
449,450.0,817.7549467922835,15.104506492614746,-277.9864501953125,0.005079247523099184,0.05668207376517927,34.356364488601685,112500.0,450000.0
450,451.0,819.539838772318,16.070335388183594,-278.2321472167969,-0.00011162932787556201,0.056599905928002354,35.494659185409546,112750.0,451000.0
451,452.0,810.5236375081399,15.355550765991211,-278.27630615234375,4.874289516010322e-05,0.05664647819646921,34.36100745201111,113000.0,452000.0
452,453.0,780.2744050604465,15.559191703796387,-278.46051025390625,0.0028099219780415297,0.05654319990843151,34.46460151672363,113250.0,453000.0
453,454.0,743.7917141590128,15.261783599853516,-278.6205749511719,0.0019141536904498935,0.056447296351883565,34.47880291938782,113500.0,454000.0
454,455.0,829.0332536364799,15.283343315124512,-278.8341979980469,-0.0015491099329665303,0.05647395196353233,34.500484228134155,113750.0,455000.0
455,456.0,746.1098890209141,15.455204963684082,-279.09088134765625,0.005744870286434889,0.056452148804758864,34.46233415603638,114000.0,456000.0
456,457.0,860.5350003143633,15.267943382263184,-279.2456359863281,0.015240439213812351,0.05612020822757618,34.46071982383728,114250.0,457000.0
457,458.0,743.985067766527,16.104108810424805,-279.2776794433594,0.011114628985524178,0.05571662251470822,34.399059534072876,114500.0,458000.0
458,459.0,791.635702214075,15.349807739257812,-279.3423767089844,-0.0016872931737452745,0.05554057849905737,34.429853200912476,114750.0,459000.0
459,460.0,781.7550127931561,16.11068344116211,-279.64892578125,0.009762570261955261,0.05548578813294976,34.45778465270996,115000.0,460000.0
460,461.0,784.3517433279965,15.365519523620605,-279.6221923828125,0.001194154261611402,0.05532575306635375,34.24952435493469,115250.0,461000.0
461,462.0,691.2906279662966,15.616537094116211,-279.9363098144531,-0.0015622107312083244,0.05529141608321525,34.39762616157532,115500.0,462000.0
462,463.0,795.4705934776817,15.64709186553955,-280.10211181640625,-0.0010595646454021335,0.055324014412121196,34.47199606895447,115750.0,463000.0
463,464.0,868.9271308936167,15.2813138961792,-280.2630615234375,0.00302381650544703,0.05534106007807103,34.45372414588928,116000.0,464000.0
464,465.0,797.049701144156,15.375017166137695,-280.2420349121094,-0.005155200604349375,0.05537091729280233,34.51553010940552,116250.0,465000.0
465,466.0,799.6203818055468,15.409191131591797,-280.44403076171875,0.0007611231994815171,0.05542334397543297,34.40906310081482,116500.0,466000.0
466,467.0,792.9532150396641,14.898398399353027,-280.7030334472656,0.008115435019135475,0.05524583871794288,34.449095010757446,116750.0,467000.0
467,468.0,705.4439601084862,15.113337516784668,-280.8307800292969,0.004459626041352749,0.05500652422676242,34.4579803943634,117000.0,468000.0
468,469.0,651.3682375199277,15.752828598022461,-280.93017578125,0.0055266255512833595,0.0549092028110391,34.41473841667175,117250.0,469000.0
469,470.0,835.7118997594554,15.753966331481934,-281.17510986328125,0.0016911893617361784,0.05486741718287621,34.42681574821472,117500.0,470000.0
470,471.0,822.696356933412,16.867013931274414,-281.144287109375,-0.0018906127661466599,0.054843851625393306,34.3735830783844,117750.0,471000.0
471,472.0,806.2595768219772,16.080217361450195,-281.4894104003906,0.005496051628142595,0.054776071155799605,34.36340355873108,118000.0,472000.0
472,473.0,837.6832535066267,15.765886306762695,-281.5399475097656,-0.004150181543081999,0.05480607517047441,34.49455285072327,118250.0,473000.0
473,474.0,809.8809672564074,15.346402168273926,-281.7139892578125,-0.009719567373394966,0.05493423951456631,34.4526309967041,118500.0,474000.0
474,475.0,772.1897249590024,15.050400733947754,-281.8940124511719,0.003656769171357155,0.055061635485840164,34.430041551589966,118750.0,475000.0
475,476.0,833.8111481785077,15.341695785522461,-281.98297119140625,0.004360005725175142,0.055022832654361815,34.40617322921753,119000.0,476000.0
476,477.0,829.711193925441,14.768980026245117,-282.2361755371094,0.0019010191317647696,0.0548566032576956,34.46730899810791,119250.0,477000.0
477,478.0,803.4793565618862,14.265228271484375,-282.43072509765625,0.011652425862848759,0.054647439798212724,34.446311950683594,119500.0,478000.0
478,479.0,811.8546651481989,14.998072624206543,-282.43109130859375,0.006579869892448187,0.05436178798259658,34.462135314941406,119750.0,479000.0
479,480.0,801.9260050731461,15.262585639953613,-282.6098327636719,0.005320352502167225,0.05414516289229519,34.43994879722595,120000.0,480000.0
480,481.0,764.8422918578235,14.904480934143066,-282.561767578125,-0.001326406723819673,0.05408659426949898,34.239235162734985,120250.0,481000.0
481,482.0,756.0018700230901,15.818314552307129,-282.5561828613281,0.0004020157502964139,0.054184921253200534,34.318819999694824,120500.0,482000.0
482,483.0,819.8061759045813,16.32526206970215,-282.7377624511719,0.0021237207110971212,0.0541314107937805,34.448261737823486,120750.0,483000.0
483,484.0,795.9893208754069,15.628653526306152,-283.00677490234375,0.0051049101166427135,0.05405781213146948,34.369059801101685,121000.0,484000.0
484,485.0,820.4892277245812,15.891620635986328,-283.2269287109375,-0.002796640619635582,0.05398360291366351,34.40724587440491,121250.0,485000.0
485,486.0,745.829559037771,15.483970642089844,-283.2015380859375,0.0027209988329559565,0.054019485323214274,34.46769595146179,121500.0,486000.0
486,487.0,794.6272557498187,15.40654468536377,-283.5606689453125,0.000139004216180183,0.05394423655399149,34.47054314613342,121750.0,487000.0
487,488.0,780.7762119577745,15.80449390411377,-283.52008056640625,0.0013623987324535847,0.05396108286558083,34.42500185966492,122000.0,488000.0
488,489.0,787.4976449297513,15.583662986755371,-283.6308898925781,-0.002988074906170368,0.05394649738767706,34.4503698348999,122250.0,489000.0
489,490.0,818.8215405857519,15.342185974121094,-283.93756103515625,0.008441184647381306,0.05391493429406958,34.428088903427124,122500.0,490000.0
490,491.0,706.171398843718,15.315439224243164,-283.9364013671875,0.006044279783964157,0.053631440683870865,34.23992156982422,122750.0,491000.0
491,492.0,791.4075972530866,14.207275390625,-284.1500549316406,0.006262780632823706,0.05345556624901513,34.348246335983276,123000.0,492000.0
492,493.0,838.7645518954461,15.790637016296387,-284.3231506347656,0.0019316176185384393,0.05345351353029382,34.478270530700684,123250.0,493000.0
493,494.0,821.3960564285603,15.060308456420898,-284.6275939941406,0.0008754609734751284,0.05336530549478543,34.503567695617676,123500.0,494000.0
494,495.0,824.9189814439765,15.655261993408203,-284.63043212890625,0.0014586631441488862,0.05329135044635122,34.42357063293457,123750.0,495000.0
495,496.0,790.3906712009514,15.033754348754883,-284.82373046875,0.004560630302876234,0.053150028662680586,34.4257869720459,124000.0,496000.0
496,497.0,829.7247018106596,15.178677558898926,-285.0577087402344,0.001065340475179255,0.05316549004380501,34.49042534828186,124250.0,497000.0
497,498.0,759.2783587812537,15.491971015930176,-285.2591552734375,0.0014223280595615506,0.05307767777330496,34.47148609161377,124500.0,498000.0
498,499.0,772.5087373994032,15.283645629882812,-285.2777099609375,0.0005029022577218711,0.053106743233762785,34.45976519584656,124750.0,499000.0
499,500.0,770.6295228516462,14.681021690368652,-285.6371154785156,0.002058876445516944,0.05304318747817245,34.46770739555359,125000.0,500000.0
